89.19
80.89
58.65
74.99
78.24
74.75
73.54
82.91
79.69
87.33
82.06
95.55
70.52
88.04
105.45
75.47
81.80
79.11
74.97
88.96
88.59
95.53
90.64
101.34
77.90
86.55
80.29
83.20
79.82
76.20
78.57
91.91
95.16
92.04
77.04
96.32
93.60
90.08
84.15
88.41
73.98
78.15
100.32
93.64
101.79
87.84
75.97
95.53
68.11
71.99
82.55
69.75
88.85
86.08
84.76
101.24
73.42
70.16
84.47
90.89
80.05
93.44
79.08
73.41
72.42
78.00
68.76
88.96
86.28
78.70
79.89
64.20
75.64
79.61
75.56
82.66
58.83
83.69
76.37
54.89
73.02
77.80
64.10
68.75
66.02
86.27
69.56
90.42
83.18
69.05
75.05
71.60
66.81
79.35
54.19
89.99
74.04
55.47
66.67
82.95
80.48
80.61
85.08
81.24
73.61
68.90
76.59
73.42
68.12
54.86
71.45
81.78
82.97
86.13
60.53
64.36
85.68
95.12
73.69
76.72
69.25
78.35
71.55
77.68
80.08
74.74
78.88
74.54
77.34
85.92
77.03
77.46
90.13
73.98
75.84
90.80
75.44
77.87
70.64
86.05
63.64
85.32
84.57
60.41
