75.00
91.89
74.50
92.75
68.16
75.94
91.21
82.33
76.48
99.73
67.78
78.91
70.00
45.66
71.44
63.56
90.71
70.24
57.96
100.06
71.51
75.61
77.01
87.72
83.65
85.91
87.07
108.70
77.38
102.27
69.00
71.05
68.77
106.79
93.86
69.53
78.51
78.76
72.97
93.60
89.51
94.30
83.13
73.82
79.41
80.55
79.31
82.93
83.74
64.62
75.14
81.14
92.26
76.81
80.96
90.59
90.06
73.72
73.55
60.98
85.00
80.65
63.78
88.78
82.52
76.13
89.15
70.80
94.68
75.93
80.78
75.83
82.87
72.49
78.81
61.82
96.84
73.78
69.84
95.60
66.26
76.40
65.34
83.83
78.32
63.63
74.54
74.40
80.43
76.16
70.39
66.47
85.21
104.58
78.60
70.96
88.94
56.58
89.06
58.10
103.51
75.33
84.82
79.74
79.05
65.82
73.60
57.74
87.78
75.24
82.02
81.39
78.95
70.93
63.82
81.06
69.44
61.05
74.25
84.13
69.49
84.54
58.97
78.96
70.86
72.53
78.19
80.54
66.40
61.60
78.19
98.45
84.31
69.82
73.67
91.33
79.73
95.30
76.74
56.78
83.16
83.60
93.64
66.43
