81.51
75.12
93.27
70.24
82.23
88.74
77.61
92.83
73.78
73.91
77.19
59.90
76.84
83.17
65.01
92.77
73.22
91.44
72.72
86.73
91.34
89.35
89.14
73.25
82.15
90.44
88.81
93.05
84.77
75.67
77.12
81.46
86.99
93.48
77.44
77.32
85.73
75.83
83.61
79.88
86.61
71.91
87.54
87.91
101.35
80.30
85.73
73.63
92.84
70.02
66.37
90.73
95.13
70.52
89.69
82.11
74.52
64.31
74.70
87.69
93.14
91.00
72.38
73.86
76.92
79.36
73.71
91.64
85.90
77.46
61.18
70.41
101.40
80.09
65.55
90.08
93.54
86.13
68.08
69.77
72.75
71.43
84.57
79.31
84.88
96.21
94.70
78.42
68.41
67.29
73.62
92.31
67.22
66.35
98.43
66.55
66.18
86.28
57.82
88.38
62.79
78.13
72.15
77.68
81.77
77.63
58.73
73.81
61.15
83.48
72.89
71.41
72.44
71.15
78.64
75.56
97.85
78.79
89.49
77.61
93.88
69.31
78.84
71.36
66.82
94.36
92.14
71.16
82.47
63.60
77.88
92.02
78.61
74.86
90.42
82.21
79.29
81.31
91.06
80.16
81.64
74.18
83.87
97.81
