73.27
76.46
81.62
76.35
89.44
87.05
110.60
61.58
89.71
77.83
64.44
88.78
85.53
68.43
74.50
92.16
105.69
77.64
99.82
85.67
83.68
84.21
80.35
86.63
84.97
90.43
89.22
109.04
93.34
71.59
95.14
87.21
99.32
89.94
73.90
77.01
73.80
96.04
83.00
78.39
102.54
101.16
89.63
107.36
82.24
72.87
78.91
82.35
89.05
94.82
90.62
83.29
82.59
68.51
90.51
87.33
71.88
84.50
76.75
63.81
84.69
85.17
70.50
99.31
82.63
78.59
71.69
63.42
75.41
75.75
86.43
89.12
94.03
82.49
80.84
91.69
85.91
75.27
78.73
80.80
63.21
84.84
85.90
86.44
80.22
88.82
62.20
88.40
64.60
80.41
80.74
82.13
64.25
77.10
69.62
78.08
81.59
74.77
64.27
85.25
93.04
69.49
62.05
86.82
53.54
79.40
75.18
71.61
58.15
68.04
76.11
80.87
95.13
77.68
73.40
67.80
81.90
77.72
95.86
67.59
85.67
60.50
71.96
70.59
83.84
89.61
71.58
66.57
86.52
92.19
70.83
87.54
86.95
74.52
85.23
87.69
81.93
81.65
91.93
70.73
71.29
72.52
74.32
77.73
