64.60
78.30
73.74
106.50
88.50
82.28
84.83
92.52
84.05
93.44
64.68
85.98
100.90
75.70
100.25
70.94
86.20
87.10
87.30
78.86
92.01
78.15
88.46
74.05
100.15
96.04
101.13
84.56
76.84
92.51
77.40
76.88
115.66
97.60
88.23
94.11
79.56
85.44
95.82
104.81
64.39
80.89
95.42
96.22
72.70
76.73
86.12
92.30
77.11
78.44
74.70
77.77
85.05
82.53
88.56
86.11
88.69
87.26
83.06
88.39
93.05
74.76
105.07
82.80
87.34
77.73
103.34
77.37
85.38
99.77
78.47
75.68
65.90
88.43
71.41
77.00
71.79
85.10
84.47
74.46
65.27
81.38
94.09
83.61
63.02
98.18
81.01
69.80
70.17
66.15
78.01
69.08
82.00
59.76
64.06
76.83
68.20
83.95
58.60
62.98
73.63
68.73
68.19
80.63
79.25
74.28
83.32
79.85
69.27
85.07
63.44
79.17
79.73
63.50
73.63
78.13
79.98
81.18
71.01
66.52
70.36
73.79
81.60
81.31
75.27
80.13
69.96
75.58
66.31
97.89
66.60
88.52
80.57
84.18
62.36
80.18
82.96
91.40
67.35
92.57
79.27
92.39
81.48
84.61
