87.85
74.95
77.10
69.35
71.35
79.17
97.97
75.74
73.63
92.72
100.01
78.10
77.51
70.46
73.45
83.49
91.51
90.66
114.24
84.84
96.22
82.68
80.32
102.45
76.19
73.24
91.82
81.33
76.86
96.67
85.67
92.47
82.86
94.09
74.65
80.93
87.18
76.22
71.19
86.26
88.55
79.97
88.74
102.17
83.63
84.71
89.64
91.36
95.86
85.33
71.29
72.15
71.49
87.50
82.51
89.35
77.82
87.60
90.88
71.49
95.30
79.98
74.70
94.97
85.87
86.31
73.23
54.16
86.19
70.93
91.81
78.06
55.59
89.42
91.63
54.30
77.59
64.84
80.39
61.94
97.86
75.66
80.19
75.20
76.66
65.07
87.63
71.34
97.66
73.57
69.41
79.24
83.55
71.93
68.99
64.98
86.72
53.20
82.56
83.16
54.42
83.92
75.64
77.31
77.08
79.40
75.23
82.87
89.01
69.60
63.97
83.33
91.32
73.56
79.85
62.12
84.36
80.92
62.75
71.78
70.85
76.39
75.86
68.38
79.67
68.51
70.15
76.55
85.48
70.62
68.00
85.54
93.74
83.99
66.27
82.05
73.36
74.55
79.76
58.32
71.28
85.47
81.97
73.87
