82.12
82.42
69.72
73.84
71.29
85.43
86.64
67.59
85.26
88.94
82.21
88.63
77.75
85.41
87.42
89.54
82.02
100.80
95.22
80.10
87.11
74.63
67.80
94.67
102.98
80.99
99.68
83.35
88.76
82.00
65.24
82.12
84.54
82.72
66.58
74.72
89.32
109.36
62.69
79.85
98.19
81.65
97.20
91.73
69.53
79.73
65.58
102.63
76.27
84.20
93.98
88.70
90.99
86.85
70.67
78.94
75.51
82.93
72.41
75.19
68.11
84.50
84.89
89.69
75.13
94.87
69.82
81.53
74.69
81.02
80.34
71.88
66.92
65.99
74.77
86.56
87.87
82.41
77.70
90.24
73.08
75.52
84.07
79.12
77.64
62.17
79.35
71.75
76.03
92.48
67.76
92.03
89.58
85.42
50.31
83.06
86.82
87.39
77.80
69.20
65.75
75.41
89.50
69.58
76.85
79.62
71.56
73.50
90.70
68.43
69.42
82.45
74.15
62.95
75.83
84.44
72.89
77.73
80.61
62.90
81.13
57.55
67.30
55.63
89.78
74.28
73.03
54.49
56.69
79.05
69.61
59.66
61.42
62.49
90.66
77.33
75.75
78.71
73.82
71.60
67.10
65.53
80.43
78.44
