81.88
91.84
83.30
85.42
81.56
75.13
90.33
64.04
79.77
82.58
75.62
96.84
82.77
72.37
86.64
65.05
86.42
101.64
73.96
80.21
84.65
71.32
100.48
79.31
88.52
87.17
88.93
89.00
94.81
83.95
80.80
92.99
72.71
92.78
79.45
77.94
86.43
74.47
71.49
71.49
104.04
96.07
68.01
82.97
85.91
86.46
81.15
92.19
95.48
76.52
91.99
84.19
94.74
82.94
74.54
89.37
94.77
87.92
84.71
93.54
70.98
85.21
76.92
102.32
106.01
79.21
81.95
92.75
80.19
66.74
73.25
91.81
73.66
87.53
87.76
70.50
91.40
77.66
62.59
84.26
79.76
96.36
60.27
82.57
63.27
94.51
101.93
60.69
75.46
77.38
76.90
80.96
84.76
76.56
82.10
67.03
73.42
85.22
70.79
53.67
60.57
78.31
70.00
87.33
75.62
81.77
87.22
72.69
54.21
81.03
89.07
75.96
80.20
85.34
76.75
55.89
77.54
75.89
85.97
71.75
72.28
65.84
48.89
81.80
69.59
85.51
91.86
87.94
83.88
67.78
69.64
69.76
80.04
71.56
96.19
74.47
85.51
85.13
75.69
102.32
77.25
88.23
77.44
76.19
