64.88
81.49
67.64
84.03
72.86
81.93
95.29
74.15
82.61
78.87
78.02
91.54
105.98
74.67
90.86
65.90
84.05
82.49
96.85
78.52
81.93
88.72
88.32
80.55
78.05
106.35
80.88
79.31
90.86
83.56
101.95
72.58
69.83
66.71
114.68
101.37
90.11
72.31
70.19
100.03
72.68
96.71
81.90
89.12
91.05
91.99
67.72
77.26
93.81
83.96
72.80
81.61
70.37
90.16
73.91
60.15
76.20
87.60
86.21
54.92
63.78
96.51
83.02
76.77
92.33
89.95
78.66
82.30
76.04
72.89
75.52
74.41
73.53
68.73
73.17
76.11
88.98
91.22
72.65
80.95
80.47
69.16
69.81
77.54
65.39
92.15
73.73
80.04
73.71
67.70
82.67
70.23
70.24
63.36
87.12
81.57
72.59
82.00
86.06
71.52
66.05
69.04
82.74
107.24
86.24
83.78
71.48
76.45
70.99
73.31
91.47
71.85
69.59
63.83
83.90
69.68
61.67
81.47
64.71
75.50
68.70
76.19
84.69
83.01
77.03
76.98
72.62
68.55
83.61
83.01
94.30
87.18
61.94
72.72
82.22
76.53
63.84
81.52
75.85
63.88
63.32
75.07
82.63
81.34
