80.17
74.32
73.10
76.76
90.27
79.12
81.30
75.70
81.15
73.02
61.32
97.37
89.18
78.26
87.01
79.56
110.06
88.28
77.31
65.86
86.11
80.14
91.45
87.76
79.00
96.25
96.32
86.53
88.07
81.62
78.49
100.60
83.67
74.15
76.61
93.48
93.34
89.72
86.90
64.92
88.26
78.61
90.17
77.14
82.79
63.09
95.94
85.78
83.36
83.43
76.34
92.94
83.93
91.01
76.23
94.09
94.72
79.64
90.94
76.99
82.41
77.32
73.79
88.69
69.05
71.12
89.69
75.84
71.48
79.10
77.37
84.21
89.84
75.94
82.59
62.60
75.07
79.75
89.29
71.01
81.97
86.23
81.17
61.07
66.77
93.31
67.47
83.78
76.50
73.27
84.94
70.12
86.46
86.30
69.43
78.83
79.39
73.87
72.57
81.60
66.24
84.64
60.42
76.70
82.09
80.79
68.63
77.27
70.04
78.08
63.51
67.15
71.95
86.75
77.11
70.32
91.22
67.01
74.70
70.42
86.61
86.34
84.70
70.69
58.71
93.63
75.64
80.98
83.76
71.70
83.88
89.04
74.70
77.05
73.48
82.78
75.63
72.94
94.49
83.03
86.27
77.79
96.02
80.58
