72.02
78.03
77.32
79.34
84.54
73.52
74.35
74.31
84.88
76.68
79.96
77.90
87.28
74.86
80.81
80.55
72.20
85.32
80.33
82.47
79.56
80.59
86.97
74.40
87.75
84.16
87.96
80.98
80.35
88.31
84.08
75.43
88.34
80.78
88.28
90.87
79.62
91.74
84.92
80.25
92.77
78.24
85.95
81.58
93.18
81.02
78.07
94.69
91.76
82.22
82.14
82.00
75.96
79.70
74.34
83.80
80.50
78.06
85.47
76.49
78.19
78.19
75.65
84.19
77.11
67.81
74.14
75.52
65.05
86.24
71.96
79.60
75.65
67.72
74.00
77.78
65.70
60.89
65.75
82.29
81.36
67.36
72.64
74.02
68.91
61.64
63.46
57.89
75.76
68.89
65.42
74.52
69.51
62.07
72.09
66.14
63.91
63.24
68.63
71.04
65.22
69.61
63.82
62.38
66.35
67.23
66.42
59.16
67.91
59.58
57.05
69.63
58.89
63.25
68.45
71.12
63.75
59.75
79.73
62.19
78.56
65.38
61.30
70.21
72.03
71.96
68.45
66.15
70.82
70.94
70.05
66.64
73.31
72.08
77.84
82.50
71.01
81.41
79.29
84.42
74.37
71.17
73.86
73.88
