77.08
82.03
90.11
75.48
79.68
72.08
69.60
84.03
79.79
79.03
74.35
77.43
87.13
81.60
81.78
87.75
78.05
87.71
86.23
79.05
91.74
77.98
82.91
90.13
86.40
91.68
78.76
83.12
75.26
78.99
80.49
92.04
89.89
85.48
83.69
90.84
72.90
81.85
77.28
81.77
83.88
78.88
84.98
80.72
82.10
84.87
86.99
88.18
92.67
87.74
87.65
81.89
79.83
77.02
84.67
80.54
76.59
91.28
74.66
74.37
78.62
85.30
78.80
69.71
78.29
71.97
73.41
83.35
72.10
76.52
79.73
68.25
66.82
68.84
74.14
69.87
75.30
71.85
76.16
80.77
78.44
63.10
73.00
65.82
62.94
73.27
73.47
65.12
69.13
72.49
71.64
72.72
64.75
73.85
70.74
65.19
66.61
73.24
60.04
64.89
63.47
52.32
66.00
61.15
64.11
59.88
72.24
63.21
57.14
66.18
65.80
67.02
65.87
61.87
61.30
63.22
63.17
65.35
69.76
74.48
69.76
75.85
61.45
69.34
63.44
69.03
71.33
55.78
65.99
65.66
64.44
68.11
77.98
68.86
65.83
70.66
73.58
73.65
69.18
70.10
66.24
79.54
78.91
78.85
