83.75
78.99
79.20
74.94
80.72
79.00
74.96
87.12
72.55
79.87
75.37
74.65
67.48
73.27
91.14
78.97
90.07
74.70
78.29
83.94
90.88
73.75
77.89
79.44
81.52
79.86
92.21
85.95
80.87
87.91
82.83
95.46
82.65
85.70
87.47
85.56
87.77
89.04
86.23
84.72
90.95
88.90
86.62
90.99
82.56
82.63
89.07
85.34
79.69
78.82
84.74
87.47
90.40
85.99
84.70
81.42
84.08
81.25
71.71
80.82
78.45
81.33
84.35
68.64
77.24
79.96
79.63
75.16
80.11
84.08
66.04
78.19
75.69
78.74
83.55
65.16
75.64
73.00
74.71
70.63
69.92
71.04
66.99
72.84
67.39
69.26
55.14
81.91
67.97
69.01
63.92
66.31
64.29
60.40
59.84
69.49
60.90
66.67
69.07
71.83
63.97
68.99
69.98
65.18
63.23
72.58
64.92
61.90
64.53
61.51
65.16
67.61
66.48
65.75
69.87
77.34
62.15
65.44
52.87
69.66
58.55
60.29
63.01
64.68
68.11
68.59
70.80
70.89
65.85
76.30
77.51
71.35
73.95
67.22
70.16
73.58
79.05
63.81
62.53
66.91
78.04
77.71
81.55
79.75
