79.73
71.12
73.20
76.29
69.44
76.17
76.76
75.96
77.46
70.31
80.45
75.29
81.57
97.13
81.44
82.00
79.57
84.81
93.85
77.20
83.53
79.47
79.56
85.98
75.00
77.07
85.25
96.59
91.73
91.75
85.42
67.61
88.88
87.60
80.25
80.33
85.07
87.45
79.73
95.24
85.47
87.10
87.40
82.71
88.97
80.69
81.97
79.87
78.16
88.94
83.64
79.20
82.91
83.00
76.43
83.89
76.77
85.02
73.49
84.90
88.64
80.24
74.00
80.12
79.29
78.60
82.26
71.34
76.00
82.44
72.24
73.87
77.48
76.48
82.31
67.27
73.81
59.32
69.05
74.22
72.61
80.55
56.62
71.98
72.25
72.60
70.33
68.60
60.68
72.94
69.92
67.25
67.29
55.69
67.02
70.88
65.20
69.02
75.85
55.23
68.03
68.22
57.08
66.09
67.33
54.20
65.93
69.53
77.36
74.85
64.40
70.77
64.82
61.48
68.66
71.68
74.52
64.39
67.43
64.44
64.67
73.86
68.65
68.05
67.38
58.50
66.20
67.85
68.50
68.53
66.82
67.43
73.57
72.44
75.15
75.94
67.44
77.83
68.36
67.95
69.05
72.48
81.99
76.96
