77.39
76.52
78.45
81.26
89.02
71.29
69.99
79.73
72.35
79.22
74.12
77.28
78.61
90.08
84.77
80.87
86.21
80.94
91.38
77.19
78.43
87.55
77.65
88.05
85.67
85.12
77.14
80.70
84.84
90.70
91.19
88.88
93.26
90.14
84.52
82.17
88.51
83.91
87.82
94.22
86.63
83.58
88.72
81.86
93.10
95.58
78.52
80.06
81.95
79.87
79.26
83.70
82.69
92.04
84.10
85.33
81.79
79.32
86.12
77.93
88.29
72.46
89.68
76.60
79.85
78.54
76.61
75.47
80.59
74.33
78.62
86.32
83.89
72.59
81.75
73.03
76.11
75.31
74.38
70.51
73.05
77.76
69.55
67.45
74.00
67.58
64.01
64.90
67.49
58.19
65.74
57.32
76.58
71.56
67.01
60.32
72.20
58.43
72.09
68.79
71.38
62.25
71.54
67.58
73.08
64.09
64.59
69.71
70.67
68.50
64.55
71.15
61.82
59.74
65.02
65.33
59.37
59.21
67.28
71.00
75.51
65.84
64.38
68.20
67.34
62.02
66.63
64.65
69.81
73.39
71.14
65.60
65.91
74.75
66.19
68.07
82.27
74.40
76.17
74.78
69.76
68.39
80.97
75.47
