75.07
75.18
87.56
71.90
72.94
73.03
81.66
83.74
83.91
73.02
79.33
89.14
89.43
80.73
72.04
84.03
72.24
86.67
76.81
77.24
78.08
78.78
89.15
89.60
80.83
84.62
86.54
87.52
83.64
86.87
88.30
86.10
91.07
84.75
74.76
89.38
97.15
92.42
74.83
80.72
83.52
85.23
90.39
84.88
91.82
86.98
73.79
86.67
71.98
84.97
89.87
73.24
82.13
79.05
74.71
87.13
79.87
76.31
78.78
77.30
76.89
76.05
80.49
79.19
83.65
78.48
72.64
71.54
75.59
67.82
72.10
81.07
80.25
71.45
77.39
82.27
74.84
74.48
72.86
62.83
67.02
70.19
78.02
74.57
64.05
66.87
63.15
65.79
59.33
63.45
68.73
61.00
69.92
71.97
63.95
66.98
57.62
67.05
66.13
60.73
57.83
64.22
57.08
71.82
65.95
65.93
67.17
53.00
63.75
67.06
59.10
70.61
62.22
68.85
65.60
63.95
62.77
72.25
65.36
65.14
68.13
61.38
60.24
71.10
75.84
69.30
65.61
72.49
74.76
66.74
63.72
61.47
78.24
62.53
57.80
72.72
66.91
75.66
74.06
67.72
71.10
66.63
78.42
73.81
