73.58
85.76
79.03
77.46
73.32
77.74
75.35
74.24
83.18
77.69
75.61
76.92
84.27
80.79
75.33
91.04
85.11
87.80
85.57
83.77
85.80
87.62
77.55
81.25
81.24
79.98
74.54
83.88
76.50
84.50
86.74
87.42
90.15
91.35
89.19
88.25
89.40
85.02
78.33
93.20
78.12
85.52
86.32
82.24
82.77
88.99
85.04
81.13
79.92
77.83
81.68
90.51
80.37
88.48
74.07
71.30
83.43
83.92
77.37
74.40
87.54
84.81
80.20
82.43
77.23
79.74
79.28
77.13
84.92
81.53
75.12
70.76
75.82
84.12
83.86
72.51
76.60
73.70
71.17
70.75
73.91
74.96
74.27
75.64
68.36
66.38
66.53
75.73
76.26
68.52
70.59
64.67
69.93
64.09
65.45
65.19
66.76
61.58
69.05
65.32
51.28
68.71
67.86
57.05
65.62
68.31
63.61
69.64
67.63
63.61
65.42
62.23
60.04
62.65
66.26
64.40
65.04
59.94
67.15
56.80
65.86
70.79
63.22
71.02
69.66
70.74
61.62
72.72
68.34
61.73
64.73
75.79
70.13
69.26
68.15
74.82
70.76
65.90
71.47
74.79
66.23
82.08
68.55
69.16
