78.84
77.47
68.22
74.53
72.45
78.85
81.94
71.07
81.35
76.16
78.32
79.68
79.46
75.76
83.79
79.11
76.60
84.13
83.90
77.55
80.72
75.90
79.99
85.08
87.35
92.42
88.75
79.70
80.27
78.28
75.78
84.13
77.52
79.96
80.68
83.18
81.76
80.98
84.13
78.59
82.98
88.19
86.66
84.19
79.61
89.83
82.03
87.36
84.36
76.17
75.96
77.96
92.62
81.35
80.58
78.45
75.10
77.21
89.38
79.70
66.42
73.97
81.47
83.56
79.66
85.96
77.62
73.94
73.63
78.35
73.48
70.42
72.14
73.04
66.86
75.26
74.05
77.43
75.70
69.29
79.84
78.27
73.50
75.61
71.65
69.30
67.21
71.59
62.45
63.32
66.36
63.38
62.11
68.67
58.11
57.42
72.74
64.43
68.34
68.02
60.67
63.16
64.88
74.61
57.35
60.79
73.97
58.18
72.47
61.46
69.63
69.41
65.14
78.49
59.99
59.40
65.81
67.19
69.55
75.97
60.54
76.38
69.52
69.54
67.26
67.02
77.36
71.72
74.13
77.31
66.41
65.23
67.56
62.25
68.67
73.13
76.97
65.26
66.67
79.67
75.39
73.73
75.15
79.29
