77.62
81.64
79.68
81.54
79.83
72.82
77.67
78.04
80.72
87.03
81.25
70.70
89.37
72.51
83.12
72.68
77.33
85.42
94.92
84.70
83.87
78.92
81.27
86.02
77.03
79.01
86.23
78.30
80.99
83.62
86.30
91.42
91.68
79.20
88.98
86.66
76.49
89.93
84.44
82.09
89.11
84.61
79.07
88.02
70.61
98.08
84.54
73.49
76.04
94.72
87.86
82.04
83.47
76.92
82.84
81.57
75.36
83.10
74.00
80.79
74.23
85.31
73.94
71.07
80.07
76.35
78.21
75.19
72.38
79.87
76.42
70.54
77.41
75.54
66.60
77.59
74.31
64.85
61.70
68.29
75.07
68.28
76.38
73.11
64.43
74.24
71.63
69.33
64.46
74.89
76.43
69.46
74.61
66.92
64.81
76.00
62.63
75.95
66.96
64.75
75.22
65.80
62.56
66.14
64.35
58.39
63.16
64.65
61.57
78.63
63.43
70.79
68.43
62.54
63.04
65.16
74.52
74.75
59.31
68.44
72.85
61.10
72.26
73.33
73.14
77.11
74.52
62.56
73.80
65.68
65.78
72.35
72.13
64.90
68.43
72.32
78.62
65.18
67.52
77.21
75.04
68.17
74.01
72.61
