68.97
76.25
76.41
76.33
84.58
70.29
75.56
75.86
72.48
79.96
81.83
75.35
77.44
85.08
78.42
82.02
77.56
79.11
78.97
87.54
84.77
84.43
92.10
84.04
92.46
82.46
82.81
90.80
81.75
90.22
89.48
82.97
85.98
76.90
89.71
89.51
91.67
93.05
85.53
92.25
77.24
84.66
86.80
89.07
84.59
87.06
87.02
85.90
77.90
84.91
81.59
73.24
79.56
84.64
79.66
81.35
75.50
81.63
72.47
71.69
79.85
82.00
81.96
77.46
85.81
66.82
76.64
77.38
69.04
76.33
72.31
77.61
72.72
68.50
68.13
68.52
63.40
76.73
76.02
68.73
74.97
75.94
75.74
72.75
63.77
74.12
72.26
60.31
67.00
68.87
60.95
67.14
69.31
63.01
65.52
66.08
59.73
67.15
58.38
66.06
68.68
62.33
62.99
58.10
68.25
63.31
59.36
67.96
69.30
68.66
70.56
59.50
63.30
65.67
56.76
62.72
60.93
68.40
64.02
65.46
73.19
63.95
60.84
70.02
70.23
68.73
67.32
69.99
67.14
64.15
71.61
75.20
77.61
72.37
69.14
66.31
74.26
74.63
69.33
66.23
69.40
75.69
74.26
69.24
